4.004697102941340070e+00 3.406827614276457972e+00
6.953464681395297831e+00 4.135977223942431280e+00
9.285121306796795260e-01 1.425650296095253289e+00
1.665420727288208225e+00 4.164948273001749079e+00
8.511984717150038904e+00 8.980166573136415309e+00
7.710773468151880472e+00 8.179298987373428531e+00
2.814537272943937740e+00 4.313153272044322195e-01
3.772689326657602038e+00 2.211155974174852545e+00
9.260265066284805613e+00 1.171796258178608596e+01
8.180772251738613221e+00 8.109891879850186669e+00
6.143462999796308388e+00 6.265024618015476499e+00
2.214901788029577379e+00 1.219705367271379348e+00
4.425197131526958927e-01 2.203881502622241140e+00
4.312578468418982069e+00 4.287403278535235174e+00
6.726271392574618702e+00 5.739667516353794241e+00
8.284804905178514645e+00 9.637970200772389973e+00
8.526890057422694014e+00 9.079908484375167177e+00
3.277590129336338531e-01 3.955490544956719923e+00
2.441570338368793891e+00 1.703048045647848063e+00
3.390945884774030361e+00 4.046824002740326165e+00
1.887322109593858599e+00 3.839732630315322748e+00
8.029753783638378550e+00 7.934359244994592331e+00
7.674657630849424983e+00 6.284205091513983987e+00
5.168330403809707541e+00 6.695363486068598213e+00
9.829264779958554854e+00 8.529209874982775830e+00
1.440585410908422626e+00 2.284603824863902233e+00
8.996517033276688835e+00 1.124325312514744901e+01
1.164632541619161632e+00 4.624085846104886599e+00
1.631817055141207007e+00 1.952315179881738416e+00
6.962192002506188082e+00 5.847774578701748993e+00
1.095696920416893150e+00 1.820549881991457397e+00
5.658450954187108195e+00 6.094399518562773288e+00
4.202335364726535794e+00 4.369702262937483539e+00
7.284739655410148451e+00 5.853286608416544468e+00
9.006752388088651529e+00 1.146394953534042394e+01
7.698715146690553013e+00 7.749481208598790971e+00
8.496898764211882948e+00 1.067504332039379911e+01
3.294544853123237971e-01 1.562051026360309347e+00
3.101954982442030939e+00 1.517913340141525680e+00
5.154330866863324090e+00 8.684380207067238899e+00
4.159533146297794914e+00 4.144566019573614923e+00
2.312549529796884329e+00 2.144347148959634186e+00
3.078740979600232741e+00 -7.141242030916763461e-01
9.454309703916056407e+00 1.137762800297883103e+01
2.941808798713515749e+00 4.669085933278308009e-01
3.539041101797857358e+00 2.216730369526819455e+00
3.709773750018685590e-02 1.193664013347376152e+00
8.450776272778744769e+00 9.916169639885739073e+00
1.548407034015766293e+00 3.736292015449237613e+00
2.041442755137260257e+00 3.385103252591036949e+00
2.552645170920255779e+00 1.415543406470972432e+00
8.846220568448426746e+00 1.195919542123396795e+01
2.064514112463147200e+00 1.535622793544733744e+00
7.975263608679399319e+00 7.889361614215575358e+00
8.080493403229045413e+00 7.810078227699196241e+00
9.270205687863958488e+00 1.213572382521752324e+01
1.155613136003139640e+00 3.510252172116451241e+00
2.172789723378313553e+00 1.129360706169125983e+00
7.428982920807213119e+00 6.020795126927049878e+00
1.960007542807390424e+00 3.127133321006988709e+00
2.863295468734490257e+00 8.699616733429806903e-01
1.667415801113626417e+00 1.716444129003156682e+00
1.726966861550492949e+00 2.690582617808521260e+00
4.815533546282057209e+00 4.751593349312377867e+00
1.096830621129585293e+00 3.842511062442699021e+00
3.216976184636222147e+00 9.106904248429699145e-01
4.265939095988789731e+00 4.608012996165154362e+00
2.454811652397759225e-01 1.873408831649800099e+00
3.883331664744526179e+00 2.153692582288190938e+00
9.412243608551695839e-01 4.879805232563326101e+00
4.935785311461766689e+00 6.445377500179151120e+00
8.257381885570962865e+00 8.520871451019100817e+00
8.184221621817872716e+00 9.776152221828384725e+00
8.044851553740051120e-01 3.419600432421759706e+00
6.012277576745201912e+00 8.424938541851435758e+00
8.345863819712365128e+00 9.168553616317383970e+00
2.379725429346353227e+00 1.135865570239719569e+00
7.619265114495990865e+00 5.013873638311567404e+00
8.907643464500932140e+00 1.055453180904800092e+01
8.061241514404441588e+00 7.531909507819137595e+00
